 <pre>

 Contingency table for Cloud base (m)
 Selection: ALL    143 stations
Period: 20191101-20191114
Used {12} + 03 06 09 12 15 18 21 24
 Limits    70.0000000       150.000000       300.000000       600.000000       1000.00000       1500.00000       2500.00000       5000.00000    
 Each class is data <= limit, the very last > last limit
 Total number of values       13029
                                                       OBSERVATION
                                    149      128       76       47       20       14        4        1        1 |       440
                                     45      115      119       77       24       17        1        2        0 |       400
                                     45      165      242      196       60       39        5        7        0 |       759
                                     45      146      425      876      533      264       61       39        8 |      2397
                         Tegen       33       58      176      606      983      667      121      112       32 |      2788
                                     21       38       82      277      465      612       87       68       30 |      1680
                                     11       11       42      132      233      277      142       76       16 |       940
                                     13       17       30      116      160      150       98      193       22 |       799
                                     83       45      105      441      678      719      214      286      255 |      2826

                    SUM             445      723     1297     2768     3156     2759      733      784      364 |     13029
                                                       OBSERVATION
                                    137      110       72       45       16       11        2        0        2 |       395
                                     47      128      108       74       25       16        0        1        0 |       399
                                     37      157      251      202       62       29       10        2        1 |       751
                                     50      146      450      877      543      272       48       42       15 |      2443
                       CAMSMMR       35       64      178      615      997      659      124      118       28 |      2818
                                     20       31       76      268      481      613       68       57       34 |      1648
                                     13       14       28      151      230      295      149       88       16 |       984
                                     19       21       39      126      173      149      110      186       17 |       840
                                     87       52       95      410      629      715      222      290      251 |      2751

                    SUM             445      723     1297     2768     3156     2759      733      784      364 |     13029
                                                       OBSERVATION
                                    135      108       54       32       13       14        0        2        1 |       359
                                     54      103      100       39       20       17        2        1        1 |       337
                                     37      168      245      158       57       35        7        6        0 |       713
                                     41      143      415      878      491      261       47       52       16 |      2344
                       CAMSNRT       28       58      136      534      889      576       92       98       27 |      2438
                                     16       32       81      186      342      455       46       43       19 |      1220
                                     12       15       74      186      233      260      144       54       14 |       992
                                     23       28       54      176      201      190      118      204       19 |      1013
                                     99       68      138      579      910      951      277      324      267 |      3613

                    SUM             445      723     1297     2768     3156     2759      733      784      364 |     13029

