 <pre>

 Contingency table for Low clouds (octas)
 Selection: Ireland     27 stations
Period: 20191101-20191114
Used {00} + 01 02 ... 24
 Limits    1.00000000       2.00000000       3.00000000       4.00000000       5.00000000       6.00000000       7.00000000    
 Each class is data <= limit, the very last > last limit
 Total number of values        7936
                                              OBSERVATION
                                    812      188      142      106       87      104      214      104 |      1757
                                     97       44       36       34       30       39       78       29 |       387
                                     69       27       29       32       36       29       55       39 |       316
                         Tegen       66       29       24       31       27       21       90       29 |       317
                                     42       23       29       21       21       32       69       38 |       275
                                     45       34       31       30       33       35       78       38 |       324
                                     60       54       53       48       50       40      129       71 |       505
                                    229      267      273      239      283      351     1330     1083 |      4055

                    SUM            1420      666      617      541      567      651     2043     1431 |      7936
                                              OBSERVATION
                                    801      189      132      110       86      106      220       98 |      1742
                                     98       43       33       38       34       27       68       35 |       376
                                     67       26       33       24       27       34       69       29 |       309
                       CAMSMMR       67       29       27       31       21       27       64       30 |       296
                                     40       29       24       27       24       30       67       31 |       272
                                     42       28       30       35       33       32       85       51 |       336
                                     64       47       46       38       53       58      122       74 |       502
                                    241      275      292      238      289      337     1348     1083 |      4103

                    SUM            1420      666      617      541      567      651     2043     1431 |      7936
                                              OBSERVATION
                                    848      203      165      136      120      129      299      153 |      2053
                                    122       42       39       44       37       37      109       51 |       481
                                     57       25       30       30       23       42       77       51 |       335
                       CAMSNRT       55       33       31       31       26       21       72       42 |       311
                                     35       31       28       23       28       31       92       46 |       314
                                     41       44       44       29       40       34      116       50 |       398
                                     54       55       57       48       54       56      167       89 |       580
                                    208      233      223      200      239      301     1111      949 |      3464

                    SUM            1420      666      617      541      567      651     2043     1431 |      7936

