 <pre>

 Contingency table for Low clouds (octas)
 Selection: ALL    143 stations
Period: 20191101-20191114
Used {12} + 01 02 ... 24
 Limits    1.00000000       2.00000000       3.00000000       4.00000000       5.00000000       6.00000000       7.00000000    
 Each class is data <= limit, the very last > last limit
 Total number of values       40993
                                              OBSERVATION
                                   3368      822      664      525      456      473      771      398 |      7477
                                    544      214      195      183      159      135      285      128 |      1843
                                    367      191      175      136      137      131      263      105 |      1505
                         Tegen      318      204      161      136      129      131      270       95 |      1444
                                    288      178      173      165      127      147      285      110 |      1473
                                    350      205      189      154      168      172      312      114 |      1664
                                    454      314      274      264      268      261      577      236 |      2648
                                   1586     2150     2255     2106     2361     2815     6239     3427 |     22939

                    SUM            7275     4278     4086     3669     3805     4265     9002     4613 |     40993
                                              OBSERVATION
                                   3367      813      638      508      461      426      785      386 |      7384
                                    565      234      203      155      159      165      266      127 |      1874
                                    390      193      173      147      146      130      268      114 |      1561
                       CAMSMMR      306      158      152      143      130      124      270      112 |      1395
                                    306      202      157      145      137      146      281       86 |      1460
                                    333      198      200      147      154      182      355      122 |      1691
                                    457      317      324      270      267      254      562      217 |      2668
                                   1551     2163     2239     2154     2351     2838     6215     3449 |     22960

                    SUM            7275     4278     4086     3669     3805     4265     9002     4613 |     40993
                                              OBSERVATION
                                   3769     1029      823      650      614      651     1109      555 |      9200
                                    572      240      246      198      178      194      410      182 |      2220
                                    407      241      193      160      164      166      355      151 |      1837
                       CAMSNRT      309      203      191      165      157      149      344      131 |      1649
                                    294      203      179      195      175      180      404      135 |      1765
                                    359      230      240      199      222      218      447      196 |      2111
                                    442      341      371      331      309      332      757      293 |      3176
                                   1123     1791     1843     1771     1986     2375     5176     2970 |     19035

                    SUM            7275     4278     4086     3669     3805     4265     9002     4613 |     40993

