 <pre>

 Contingency table for Cloud cover (octas)
 Selection: ALL     42 stations
Period: 20191101-20191114
Used {00,12} + 01 02 ... 24
 Limits   0.500000000       1.50000000       2.50000000       3.50000000       4.50000000       5.50000000       6.50000000       7.50000000    
 Each class is data <= limit, the very last > last limit
 Total number of values       13500
                                                       OBSERVATION
                                     40      380      126      106       39       43       64       58       53 |       909
                                     11      127       78       75       49       47       51       77       32 |       547
                                      4       66       49       40       46       46       43       71       32 |       397
                                      4       49       36       41       36       37       50       69       28 |       350
                         Tegen        7       53       45       46       39       37       46       79       24 |       376
                                      3       36       34       32       37       43       47       79       31 |       342
                                      5       35       43       37       45       49       57      103       42 |       416
                                      3       59       63       85       65       77      109      233       79 |       773
                                      6      183      211      349      325      565      979     3131     3641 |      9390

                    SUM              83      988      685      811      681      944     1446     3900     3962 |     13500
                                                       OBSERVATION
                                     44      380      133       91       49       51       59       51       49 |       907
                                      9      132       82       83       54       48       77       83       23 |       591
                                      5       73       41       51       48       37       31       59       23 |       368
                                      4       39       38       38       27       49       51       73       32 |       351
                       CAMSMMR        5       43       29       33       31       36       34       75       17 |       303
                                      4       33       47       49       34       26       44       94       37 |       368
                                      2       54       42       41       27       67       79      116       41 |       469
                                      2       57       58       80       62       81      117      208       72 |       737
                                      8      177      215      345      349      549      954     3141     3668 |      9406

                    SUM              83      988      685      811      681      944     1446     3900     3962 |     13500
                                                       OBSERVATION
                                     51      393      148      112       64       55       67       80       70 |      1040
                                     10      130       80       79       46       57       59      105       44 |       610
                                      5       71       54       51       50       41       58       92       33 |       455
                                      3       57       45       49       46       30       62       96       36 |       424
                       CAMSNRT        2       44       39       38       37       48       65       92       31 |       396
                                      2       35       35       45       35       50       60      111       37 |       410
                                      1       41       41       40       34       62       79      152       52 |       502
                                      0       53       53       85       70       98      137      303      103 |       902
                                      9      164      190      312      299      503      859     2869     3556 |      8761

                    SUM              83      988      685      811      681      944     1446     3900     3962 |     13500

