 <pre>

 Contingency table for Low clouds (octas)
 Selection: Ireland     27 stations
Period: 20191101-20191114
Used {12} + 01 02 ... 24
 Limits    1.00000000       2.00000000       3.00000000       4.00000000       5.00000000       6.00000000       7.00000000    
 Each class is data <= limit, the very last > last limit
 Total number of values        7810
                                              OBSERVATION
                                    846      193      136      119       95      118      202      117 |      1826
                                     96       33       37       33       37       31       64       29 |       360
                                     56       41       33       32       25       32       76       26 |       321
                         Tegen       57       34       29       25       24       20       65       15 |       269
                                     52       35       27       34       28       16       71       26 |       289
                                     51       38       39       22       27       39       64       30 |       310
                                     84       54       49       41       42       48      131       55 |       504
                                    259      248      274      238      285      355     1329      943 |      3931

                    SUM            1501      676      624      544      563      659     2002     1241 |      7810
                                              OBSERVATION
                                    839      195      123      109       98      107      196      115 |      1782
                                     91       40       34       34       35       38       60       31 |       363
                                     68       28       29       24       33       26       70       23 |       301
                       CAMSMMR       52       28       28       34       20       22       53       19 |       256
                                     52       31       39       24       26       37       70       25 |       304
                                     50       33       36       31       22       25       81       25 |       303
                                     87       52       64       39       41       42      109       51 |       485
                                    262      269      271      249      288      362     1363      952 |      4016

                    SUM            1501      676      624      544      563      659     2002     1241 |      7810
                                              OBSERVATION
                                    886      231      164      126      127      151      276      137 |      2098
                                     99       39       53       37       45       44      103       50 |       470
                                     82       45       36       32       34       34       82       33 |       378
                       CAMSNRT       46       28       30       32       27       29       78       38 |       308
                                     51       34       35       28       33       34      110       32 |       357
                                     80       28       38       37       38       36      100       56 |       413
                                     84       50       56       44       44       54      160       79 |       571
                                    173      221      212      208      215      277     1093      816 |      3215

                    SUM            1501      676      624      544      563      659     2002     1241 |      7810

