 <pre>

 Contingency table for Cloud base (m)
 Selection: ALL    143 stations
Period: 20191101-20191114
Used {00,12} + 03 06 09 12 15 18 21 24
 Limits    70.0000000       150.000000       300.000000       600.000000       1000.00000       1500.00000       2500.00000       5000.00000    
 Each class is data <= limit, the very last > last limit
 Total number of values       26159
                                                       OBSERVATION
                                    374      298      163       99       37       28       10        4        4 |      1017
                                    136      297      204      136       46       25        5        5        1 |       855
                                    100      344      522      403      145       71       13       14        2 |      1614
                                     85      307      891     1754     1059      528      118       79       18 |      4839
                         Tegen       69      137      355     1175     1913     1254      224      205       56 |      5388
                                     47       70      148      559      904     1219      164      128       48 |      3287
                                     28       28       91      288      460      626      300      145       20 |      1986
                                     30       28       72      216      325      318      214      399       47 |      1649
                                    166       88      192      844     1326     1411      411      566      520 |      5524

                    SUM            1035     1597     2638     5474     6215     5480     1459     1545      716 |     26159
                                                       OBSERVATION
                                    369      267      158       95       29       21        8        4        2 |       953
                                    130      316      200      137       49       26        4        3        0 |       865
                                    100      344      513      408      133       61       21        6        2 |      1588
                                     95      329      948     1760     1074      515      109       85       29 |      4944
                       CAMSMMR       68      127      337     1198     1949     1257      231      222       48 |      5437
                                     46       56      165      551      933     1223      153      107       62 |      3296
                                     25       31       66      293      424      620      294      155       23 |      1931
                                     27       26       73      221      333      324      214      380       43 |      1641
                                    175      101      178      811     1291     1433      425      583      507 |      5504

                    SUM            1035     1597     2638     5474     6215     5480     1459     1545      716 |     26159
                                                       OBSERVATION
                                    341      247      113       71       20       22        1        3        4 |       822
                                    147      280      182       81       34       29        4        5        2 |       764
                                     98      368      521      329      105       70       16       11        1 |      1519
                                     86      284      865     1741     1001      509      103       89       31 |      4709
                       CAMSNRT       53      125      286     1032     1769     1106      185      177       51 |      4784
                                     33       65      153      381      683      908      104       76       26 |      2429
                                     36       45      142      375      472      547      268      112       20 |      2017
                                     34       45      103      330      404      415      257      417       40 |      2045
                                    207      138      273     1134     1727     1874      521      655      541 |      7070

                    SUM            1035     1597     2638     5474     6215     5480     1459     1545      716 |     26159

