 <pre>

 Contingency table for Low clouds (octas)
 Selection: ALL    143 stations
Period: 20191101-20191114
Used {00,12} + 01 02 ... 24
 Limits    1.00000000       2.00000000       3.00000000       4.00000000       5.00000000       6.00000000       7.00000000    
 Each class is data <= limit, the very last > last limit
 Total number of values       82118
                                              OBSERVATION
                                   6734     1660     1287     1050      890      900     1604      836 |     14961
                                   1085      406      395      355      311      296      590      249 |      3687
                                    725      345      337      286      288      270      512      226 |      2989
                         Tegen      670      376      307      259      246      247      544      192 |      2841
                                    567      339      317      288      267      287      567      236 |      2868
                                    637      411      366      313      342      343      628      251 |      3291
                                    843      635      552      528      497      508     1106      477 |      5146
                                   3064     4296     4540     4192     4702     5631    12519     7391 |     46335

                    SUM           14325     8468     8101     7271     7543     8482    18070     9858 |     82118
                                              OBSERVATION
                                   6717     1618     1241     1010      900      851     1600      802 |     14739
                                   1068      474      392      344      308      314      539      257 |      3696
                                    767      358      319      296      285      261      535      233 |      3054
                       CAMSMMR      647      325      321      270      251      251      521      220 |      2806
                                    607      360      295      267      270      271      561      202 |      2833
                                    624      386      396      306      309      362      684      272 |      3339
                                    862      636      616      512      533      521     1100      447 |      5227
                                   3033     4311     4521     4266     4687     5651    12530     7425 |     46424

                    SUM           14325     8468     8101     7271     7543     8482    18070     9858 |     82118
                                              OBSERVATION
                                   7509     1997     1606     1291     1191     1229     2221     1131 |     18175
                                   1153      493      478      409      352      368      807      354 |      4414
                                    774      430      369      331      330      325      699      320 |      3578
                       CAMSNRT      608      401      374      331      320      293      691      262 |      3280
                                    567      419      369      340      340      362      773      303 |      3473
                                    648      476      465      384      415      432      894      361 |      4075
                                    829      678      702      612      637      705     1501      604 |      6268
                                   2237     3574     3738     3573     3958     4768    10484     6523 |     38855

                    SUM           14325     8468     8101     7271     7543     8482    18070     9858 |     82118

