 <pre>

 Contingency table for Cloud cover (octas)
 Selection: ALL     40 stations
Period: 20191101-20191114
Used {12} + 01 02 ... 24
 Limits   0.500000000       1.50000000       2.50000000       3.50000000       4.50000000       5.50000000       6.50000000       7.50000000    
 Each class is data <= limit, the very last > last limit
 Total number of values        6751
                                                       OBSERVATION
                                     22      195       65       50       16       25       32       30       27 |       462
                                      6       67       44       43       24       23       27       43       16 |       293
                                      3       36       21       18       25       26       21       37       17 |       204
                                      1       23       20       23       20       17       22       33       11 |       170
                         Tegen        5       27       22       23       15       18       26       48       12 |       196
                                      2       16       14       19       18       24       19       46       11 |       169
                                      4       23       23       20       27       27       32       45       22 |       223
                                      0       32       34       44       32       39       54      104       41 |       380
                                      1       91      103      171      168      281      499     1584     1756 |      4654

                    SUM              44      510      346      411      345      480      732     1970     1913 |      6751
                                                       OBSERVATION
                                     23      197       70       39       20       28       26       27       28 |       458
                                      6       72       42       45       24       26       42       47       11 |       315
                                      4       45       25       27       23       18       12       37       10 |       201
                                      3       17       16       23       14       21       21       39       16 |       170
                       CAMSMMR        1       20       15       19       17       16       17       37       10 |       152
                                      2       16       23       28       16       14       25       51       17 |       192
                                      1       30       18       20        9       37       44       58       26 |       243
                                      1       29       30       45       37       38       65       91       38 |       374
                                      3       84      107      165      185      282      480     1583     1757 |      4646

                    SUM              44      510      346      411      345      480      732     1970     1913 |      6751
                                                       OBSERVATION
                                     27      199       73       51       29       33       41       47       44 |       544
                                      7       72       44       44       23       29       32       48       21 |       320
                                      2       34       26       23       28       14       28       46       20 |       221
                                      2       33       28       23       19       14       27       51       18 |       215
                       CAMSNRT        1       21       23       20       19       22       33       49       10 |       198
                                      1       19       18       28       16       28       32       61       15 |       218
                                      0       23       20       24       18       30       41       67       31 |       254
                                      0       31       24       42       35       47       64      155       41 |       439
                                      4       78       90      156      158      263      434     1446     1713 |      4342

                    SUM              44      510      346      411      345      480      732     1970     1913 |      6751

