 <pre>

 Contingency table for Cloud base (m)
 Selection: Ireland     27 stations
Period: 20191101-20191114
Used {00,12} + 03 06 09 12 15 18 21 24
 Limits    70.0000000       150.000000       300.000000       600.000000       1000.00000       1500.00000       2500.00000       5000.00000    
 Each class is data <= limit, the very last > last limit
 Total number of values        4943
                                                       OBSERVATION
                                     63       64       26       19        1        5        2        1        0 |       181
                                     16       53       32       20        0        1        0        0        0 |       122
                                     26       59       92       38       14        9        0        3        0 |       241
                                     17       66      143      327      151       71        8       21        1 |       805
                         Tegen       12       35       75      234      319      180       22       38        8 |       923
                                     17       15       39      137      202      196       14       21       12 |       653
                                      8        5       28       77      103       97       30       33        1 |       382
                                      6        3       11       61       78       56       26       74       10 |       325
                                     43       37       33      248      311      281       52      176      130 |      1311

                    SUM             208      337      479     1161     1179      896      154      367      162 |      4943
                                                       OBSERVATION
                                     62       64       24       16        1        2        2        2        0 |       173
                                     15       62       33       18        2        4        0        0        0 |       134
                                     19       55       87       55       10        9        0        1        0 |       236
                                     19       76      162      304      161       69        6       25        2 |       824
                       CAMSMMR       16       30       72      251      342      173       21       33       10 |       948
                                     19       11       43      137      201      188       25       20       12 |       656
                                      7        6       13       79       95       95       26       37        3 |       361
                                      8        2       12       60       72       60       33       68        7 |       322
                                     43       31       33      241      295      296       41      181      128 |      1289

                    SUM             208      337      479     1161     1179      896      154      367      162 |      4943
                                                       OBSERVATION
                                     53       45        7       12        0        1        0        0        0 |       118
                                     21       56       25       13        1        3        0        0        0 |       119
                                     19       61       88       47        8        7        0        1        0 |       231
                                     23       58      132      286      135       74        9       15        3 |       735
                       CAMSNRT        8       28       61      223      311      163       15       47       10 |       866
                                     10       21       54      102      144      131        8       17        8 |       495
                                     12       10       42       92       88       64       25       21        4 |       358
                                      7       11       19       76       86       65       40       70        7 |       381
                                     55       47       51      310      406      388       57      196      130 |      1640

                    SUM             208      337      479     1161     1179      896      154      367      162 |      4943

