 <pre>

 Contingency table for Low clouds (octas)
 Selection: ALL    143 stations
Period: 20191101-20191114
Used {00} + 01 02 ... 24
 Limits    1.00000000       2.00000000       3.00000000       4.00000000       5.00000000       6.00000000       7.00000000    
 Each class is data <= limit, the very last > last limit
 Total number of values       41125
                                              OBSERVATION
                                   3366      838      623      525      434      427      833      438 |      7484
                                    541      192      200      172      152      161      305      121 |      1844
                                    358      154      162      150      151      139      249      121 |      1484
                         Tegen      352      172      146      123      117      116      274       97 |      1397
                                    279      161      144      123      140      140      282      126 |      1395
                                    287      206      177      159      174      171      316      137 |      1627
                                    389      321      278      264      229      247      529      241 |      2498
                                   1478     2146     2285     2086     2341     2816     6280     3964 |     23396

                    SUM            7050     4190     4015     3602     3738     4217     9068     5245 |     41125
                                              OBSERVATION
                                   3350      805      603      502      439      425      815      416 |      7355
                                    503      240      189      189      149      149      273      130 |      1822
                                    377      165      146      149      139      131      267      119 |      1493
                       CAMSMMR      341      167      169      127      121      127      251      108 |      1411
                                    301      158      138      122      133      125      280      116 |      1373
                                    291      188      196      159      155      180      329      150 |      1648
                                    405      319      292      242      266      267      538      230 |      2559
                                   1482     2148     2282     2112     2336     2813     6315     3976 |     23464

                    SUM            7050     4190     4015     3602     3738     4217     9068     5245 |     41125
                                              OBSERVATION
                                   3740      968      783      641      577      578     1112      576 |      8975
                                    581      253      232      211      174      174      397      172 |      2194
                                    367      189      176      171      166      159      344      169 |      1741
                       CAMSNRT      299      198      183      166      163      144      347      131 |      1631
                                    273      216      190      145      165      182      369      168 |      1708
                                    289      246      225      185      193      214      447      165 |      1964
                                    387      337      331      281      328      373      744      311 |      3092
                                   1114     1783     1895     1802     1972     2393     5308     3553 |     19820

                    SUM            7050     4190     4015     3602     3738     4217     9068     5245 |     41125

