 <pre>

 Contingency table for Cloud base (m)
 Selection: ALL    143 stations
Period: 20191101-20191114
Used {00} + 03 06 09 12 15 18 21 24
 Limits    70.0000000       150.000000       300.000000       600.000000       1000.00000       1500.00000       2500.00000       5000.00000    
 Each class is data <= limit, the very last > last limit
 Total number of values       13130
                                                       OBSERVATION
                                    225      170       87       52       17       14        6        3        3 |       577
                                     91      182       85       59       22        8        4        3        1 |       455
                                     55      179      280      207       85       32        8        7        2 |       855
                                     40      161      466      878      526      264       57       40       10 |      2442
                         Tegen       36       79      179      569      930      587      103       93       24 |      2600
                                     26       32       66      282      439      607       77       60       18 |      1607
                                     17       17       49      156      227      349      158       69        4 |      1046
                                     17       11       42      100      165      168      116      206       25 |       850
                                     83       43       87      403      648      692      197      280      265 |      2698

                    SUM             590      874     1341     2706     3059     2721      726      761      352 |     13130
                                                       OBSERVATION
                                    232      157       86       50       13       10        6        4        0 |       558
                                     83      188       92       63       24       10        4        2        0 |       466
                                     63      187      262      206       71       32       11        4        1 |       837
                                     45      183      498      883      531      243       61       43       14 |      2501
                       CAMSMMR       33       63      159      583      952      598      107      104       20 |      2619
                                     26       25       89      283      452      610       85       50       28 |      1648
                                     12       17       38      142      194      325      145       67        7 |       947
                                      8        5       34       95      160      175      104      194       26 |       801
                                     88       49       83      401      662      718      203      293      256 |      2753

                    SUM             590      874     1341     2706     3059     2721      726      761      352 |     13130
                                                       OBSERVATION
                                    206      139       59       39        7        8        1        1        3 |       463
                                     93      177       82       42       14       12        2        4        1 |       427
                                     61      200      276      171       48       35        9        5        1 |       806
                                     45      141      450      863      510      248       56       37       15 |      2365
                       CAMSNRT       25       67      150      498      880      530       93       79       24 |      2346
                                     17       33       72      195      341      453       58       33        7 |      1209
                                     24       30       68      189      239      287      124       58        6 |      1025
                                     11       17       49      154      203      225      139      213       21 |      1032
                                    108       70      135      555      817      923      244      331      274 |      3457

                    SUM             590      874     1341     2706     3059     2721      726      761      352 |     13130

