 <pre>

 Contingency table for Low clouds (octas)
 Selection: Ireland     27 stations
Period: 20191101-20191114
Used {00,12} + 01 02 ... 24
 Limits    1.00000000       2.00000000       3.00000000       4.00000000       5.00000000       6.00000000       7.00000000    
 Each class is data <= limit, the very last > last limit
 Total number of values       15746
                                              OBSERVATION
                                   1658      381      278      225      182      222      416      221 |      3583
                                    193       77       73       67       67       70      142       58 |       747
                                    125       68       62       64       61       61      131       65 |       637
                         Tegen      123       63       53       56       51       41      155       44 |       586
                                     94       58       56       55       49       48      140       64 |       564
                                     96       72       70       52       60       74      142       68 |       634
                                    144      108      102       89       92       88      260      126 |      1009
                                    488      515      547      477      568      706     2659     2026 |      7986

                    SUM            2921     1342     1241     1085     1130     1310     4045     2672 |     15746
                                              OBSERVATION
                                   1640      384      255      219      184      213      416      213 |      3524
                                    189       83       67       72       69       65      128       66 |       739
                                    135       54       62       48       60       60      139       52 |       610
                       CAMSMMR      119       57       55       65       41       49      117       49 |       552
                                     92       60       63       51       50       67      137       56 |       576
                                     92       61       66       66       55       57      166       76 |       639
                                    151       99      110       77       94      100      231      125 |       987
                                    503      544      563      487      577      699     2711     2035 |      8119

                    SUM            2921     1342     1241     1085     1130     1310     4045     2672 |     15746
                                              OBSERVATION
                                   1734      434      329      262      247      280      575      290 |      4151
                                    221       81       92       81       82       81      212      101 |       951
                                    139       70       66       62       57       76      159       84 |       713
                       CAMSNRT      101       61       61       63       53       50      150       80 |       619
                                     86       65       63       51       61       65      202       78 |       671
                                    121       72       82       66       78       70      216      106 |       811
                                    138      105      113       92       98      110      327      168 |      1151
                                    381      454      435      408      454      578     2204     1765 |      6679

                    SUM            2921     1342     1241     1085     1130     1310     4045     2672 |     15746

